m	453	87	10	10	0	0	10s	100	1	8064
m	463	101	10	10	0	0	10s	100	1	8064
m	490	99	10	10	0	0	10s	100	1	8064
m	503	115	10	10	0	0	10s	100	1	8064
m	542	122	10	10	0	0	10s	100	1	8064
m	575	133	10	10	0	0	10s	100	1	8064
m	625	145	10	10	0	0	10s	100	1	8064
m	629	163	10	10	0	0	10s	100	1	8064
m	672	174	10	10	0	0	10s	100	1	8064
m	698	190	10	10	0	0	10s	100	1	8064
m	737	201	10	10	0	0	10s	100	1	8064
m	736	218	10	10	0	0	10s	100	1	8064
m	780	217	10	10	0	0	10s	100	1	8064
m	743	237	10	10	0	0	10s	100	1	8064
m	820	227	10	10	0	0	10s	100	1	8064
m	798	237	10	10	0	0	10s	100	1	8064
m	831	251	10	10	0	0	10s	100	1	8064
m	868	245	10	10	0	0	10s	100	1	8064
m	883	277	10	10	0	0	10s	100	1	8064
m	901	258	10	10	0	0	10s	100	1	8064
m	914	215	10	10	0	0	10s	100	1	8064
m	912	231	10	10	0	0	10s	100	1	8064
m	931	276	10	10	0	0	10s	100	1	8064
m	908	299	10	10	0	0	10s	100	1	8064
m	856	259	10	10	0	0	10s	100	1	8064
m	942	312	10	10	0	0	10s	100	1	8064
m	961	331	10	10	0	0	10s	100	1	8064
m	987	325	10	10	0	0	10s	100	1	8064
m	972	299	10	10	0	0	10s	100	1	8064
m	937	292	10	10	0	0	10s	100	1	8064
m	978	279	10	10	0	0	10s	100	1	8064
m	1003	262	10	10	0	0	10s	100	1	8064
m	1002	280	10	10	0	0	10s	100	1	8064
m	1046	288	10	10	0	0	10s	100	1	8064
m	1033	261	10	10	0	0	10s	100	1	8064
m	1057	272	10	10	0	0	10s	100	1	8064
m	1085	284	10	10	0	0	10s	100	1	8064
m	1126	282	10	10	0	0	10s	100	1	8064
m	1140	258	10	10	0	0	10s	100	1	8064
m	1133	269	10	10	0	0	10s	100	1	8064
m	1169	237	10	10	0	0	10s	100	1	8064
m	1196	253	10	10	0	0	10s	100	1	8064
m	1222	230	10	10	0	0	10s	100	1	8064
m	1238	211	10	10	0	0	10s	100	1	8064
m	1240	222	10	10	0	0	10s	100	1	8064
m	1207	272	10	10	0	0	10s	100	1	8064
m	1227	291	10	10	0	0	10s	100	1	8064
m	1172	287	10	10	0	0	10s	100	1	8064
m	1167	265	10	10	0	0	10s	100	1	8064
m	1291	249	10	10	0	0	10s	100	1	8064
m	1283	265	10	10	0	0	10s	100	1	8064
m	1307	283	10	10	0	0	10s	100	1	8064
m	1294	313	10	10	0	0	10s	100	1	8064
m	1308	298	10	10	0	0	10s	100	1	8064
m	1306	262	10	10	0	0	10s	100	1	8064
m	1292	275	10	10	0	0	10s	100	1	8064
m	1284	299	10	10	0	0	10s	100	1	8064
m	752	258	10	10	0	0	10s	100	1	8064
m	753	276	10	10	0	0	10s	100	1	8064
m	736	291	10	10	0	0	10s	100	1	8064
m	707	298	10	10	0	0	10s	100	1	8064
m	673	281	10	10	0	0	10s	100	1	8064
m	595	268	10	10	0	0	10s	100	1	8064
m	562	274	10	10	0	0	10s	100	1	8064
m	481	272	10	10	0	0	10s	100	1	8064
m	435	222	10	10	0	0	10s	100	1	8064
m	439	244	10	10	0	0	10s	100	1	8064
m	482	230	10	10	0	0	10s	100	1	8064
m	511	258	10	10	0	0	10s	100	1	8064
m	412	191	10	10	0	0	10s	100	1	8064
m	375	157	10	10	0	0	10s	100	1	8064
m	341	137	10	10	0	0	10s	100	1	8064
m	355	172	10	10	0	0	10s	100	1	8064
m	335	199	10	10	0	0	10s	100	1	8064
m	324	222	10	10	0	0	10s	100	1	8064
m	309	252	10	10	0	0	10s	100	1	8064
m	291	274	10	10	0	0	10s	100	1	8064
m	283	259	10	10	0	0	10s	100	1	8064
m	326	259	10	10	0	0	10s	100	1	8064
m	283	290	10	10	0	0	10s	100	1	8064
m	209	286	10	10	0	0	10s	100	1	8064
m	183	264	10	10	0	0	10s	100	1	8064
m	182	286	10	10	0	0	10s	100	1	8064
m	138	208	10	10	0	0	10s	100	1	8064
m	146	229	10	10	0	0	10s	100	1	8064
m	218	216	10	10	0	0	10s	100	1	8064
m	245	222	10	10	0	0	10s	100	1	8064
m	205	156	10	10	0	0	10s	100	1	8064
m	205	182	10	10	0	0	10s	100	1	8064
m	175	212	10	10	0	0	10s	100	1	8064
m	206	199	10	10	0	0	10s	100	1	8064
m	246	205	10	10	0	0	10s	100	1	8064
m	182	246	10	10	0	0	10s	100	1	8064
m	175	298	10	10	0	0	10s	100	1	8064
m	321	237	10	10	0	0	10s	100	1	8064
m	484	254	10	10	0	0	10s	100	1	8064
m	266	320	15	15	0	0	10s	100	1	8065
m	246	345	15	15	0	0	10s	100	1	8065
m	219	383	15	15	0	0	10s	100	1	8065
m	210	405	15	15	0	0	10s	100	1	8065
m	144	420	15	15	0	0	10s	100	1	8065
m	189	397	15	15	0	0	10s	100	1	8065
m	191	446	15	15	0	0	10s	100	1	8065
m	166	475	15	15	0	0	10s	100	1	8065
m	229	483	15	15	0	0	10s	100	1	8065
m	204	517	15	15	0	0	10s	100	1	8065
m	273	541	15	15	0	0	10s	100	1	8065
m	248	502	15	15	0	0	10s	100	1	8065
m	287	485	15	15	0	0	10s	100	1	8065
m	293	472	15	15	0	0	10s	100	1	8065
m	352	479	15	15	0	0	10s	100	1	8065
m	412	505	15	15	0	0	10s	100	1	8065
m	404	527	15	15	0	0	10s	100	1	8065
m	497	554	15	15	0	0	10s	100	1	8065
m	562	568	15	15	0	0	10s	100	1	8065
m	377	433	15	15	0	0	10s	100	1	8065
m	362	385	15	15	0	0	10s	100	1	8065
m	321	345	15	15	0	0	10s	100	1	8065
m	377	366	15	15	0	0	10s	100	1	8065
m	445	367	15	15	0	0	10s	100	1	8065
m	456	385	15	15	0	0	10s	100	1	8065
m	506	441	15	15	0	0	10s	100	1	8065
m	493	427	15	15	0	0	10s	100	1	8065
m	579	402	15	15	0	0	10s	100	1	8065
m	601	421	15	15	0	0	10s	100	1	8065
m	633	393	15	15	0	0	10s	100	1	8065
m	614	346	15	15	0	0	10s	100	1	8065
m	674	413	15	15	0	0	10s	100	1	8065
m	695	433	15	15	0	0	10s	100	1	8065
m	753	428	15	15	0	0	10s	100	1	8065
m	778	407	15	15	0	0	10s	100	1	8065
m	803	364	15	15	0	0	10s	100	1	8065
m	876	373	15	15	0	0	10s	100	1	8065
m	922	390	15	15	0	0	10s	100	1	8065
m	855	417	15	15	0	0	10s	100	1	8065
m	876	447	15	15	0	0	10s	100	1	8065
m	974	358	15	15	0	0	10s	100	1	8065
m	1282	527	15	15	0	0	10s	100	1	8065
m	1243	550	15	15	0	0	10s	100	1	8065
m	1249	478	15	15	0	0	10s	100	1	8065
m	1197	443	15	15	0	0	10s	100	1	8065
m	1091	428	15	15	0	0	10s	100	1	8065
m	1082	485	15	15	0	0	10s	100	1	8065
m	1155	473	15	15	0	0	10s	100	1	8065
m	1209	525	15	15	0	0	10s	100	1	8065
m	1153	555	15	15	0	0	10s	100	1	8065
m	1136	509	15	15	0	0	10s	100	1	8065
m	1141	603	15	15	0	0	10s	100	1	8065
m	1086	654	15	15	0	0	10s	100	1	8065
m	1114	581	15	15	0	0	10s	100	1	8065
m	1209	578	15	15	0	0	10s	100	1	8065
m	1022	464	15	15	0	0	10s	100	1	8065
m	1009	484	15	15	0	0	10s	100	1	8065
m	916	509	15	15	0	0	10s	100	1	8065
m	889	532	15	15	0	0	10s	100	1	8065
m	797	549	15	15	0	0	10s	100	1	8065
m	712	556	15	15	0	0	10s	100	1	8065
m	654	566	15	15	0	0	10s	100	1	8065
m	225	548	15	15	0	0	10s	100	1	8065
m	294	442	15	15	0	0	10s	100	1	8065
m	227	428	15	15	0	0	10s	100	1	8065
m	764	548	15	15	0	0	10s	100	1	8065
m	456	534	15	15	0	0	10s	100	1	8065
m	1201	493	15	15	0	0	10s	100	1	8065
m	1089	627	15	15	0	0	10s	100	1	8065
m	1037	675	15	15	0	0	10s	100	1	8066
m	926	643	15	15	0	0	10s	100	1	8066
m	966	639	15	15	0	0	10s	100	1	8066
m	833	652	15	15	0	0	10s	100	1	8066
m	772	659	15	15	0	0	10s	100	1	8066
m	872	635	15	15	0	0	10s	100	1	8066
m	703	661	15	15	0	0	10s	100	1	8066
m	826	624	15	15	0	0	10s	100	1	8066
m	874	655	15	15	0	0	10s	100	1	8066
m	502	664	15	15	0	0	10s	100	1	8066
m	531	680	15	15	0	0	10s	100	1	8066
m	558	660	15	15	0	0	10s	100	1	8066
m	645	669	15	15	0	0	10s	100	1	8066
m	412	653	15	15	0	0	10s	100	1	8066
m	414	675	15	15	0	0	10s	100	1	8066
m	360	647	15	15	0	0	10s	100	1	8066
m	345	676	15	15	0	0	10s	100	1	8066
m	246	678	15	15	0	0	10s	100	1	8066
m	273	674	15	15	0	0	10s	100	1	8066
m	181	700	15	15	0	0	10s	100	1	8066
m	167	661	15	15	0	0	10s	100	1	8066
m	154	642	15	15	0	0	10s	100	1	8066
m	110	680	15	15	0	0	10s	100	1	8066
m	73	682	15	15	0	0	10s	100	1	8066
m	154	685	15	15	0	0	10s	100	1	8066
m	194	689	15	15	0	0	10s	100	1	8066
m	233	680	15	15	0	0	10s	100	1	8066
m	500	651	15	15	0	0	10s	100	1	8066
m	541	670	15	15	0	0	10s	100	1	8066
m	678	669	15	15	0	0	10s	100	1	8066
m	743	678	15	15	0	0	10s	100	1	8066
m	745	656	15	15	0	0	10s	100	1	8066
m	816	643	15	15	0	0	10s	100	1	8066
m	797	660	15	15	0	0	10s	100	1	8066
m	183	175	25	25	0	0	10s	100	1	8064
m	189	199	25	25	0	0	10s	100	1	8064
m	177	224	25	25	0	0	10s	100	1	8064
m	171	270	25	25	0	0	10s	100	1	8064
m	200	288	25	25	0	0	10s	100	1	8064
m	312	257	25	25	0	0	10s	100	1	8064
m	331	214	25	25	0	0	10s	100	1	8064
m	339	192	25	25	0	0	10s	100	1	8064
m	356	166	25	25	0	0	10s	100	1	8064
m	418	196	25	25	0	0	10s	100	1	8064
m	427	213	25	25	0	0	10s	100	1	8064
m	443	234	25	25	0	0	10s	100	1	8064
m	489	252	25	25	0	0	10s	100	1	8064
m	541	272	25	25	0	0	10s	100	1	8064
m	647	279	25	25	0	0	10s	100	1	8064
m	687	288	25	25	0	0	10s	100	1	8064
m	749	288	25	25	0	0	10s	100	1	8064
m	756	263	25	25	0	0	10s	100	1	8064
m	756	231	25	25	0	0	10s	100	1	8064
m	733	206	25	25	0	0	10s	100	1	8064
m	708	191	25	25	0	0	10s	100	1	8064
m	651	177	25	25	0	0	10s	100	1	8064
m	583	162	25	25	0	0	10s	100	1	8064
m	581	143	25	25	0	0	10s	100	1	8064
m	560	130	25	25	0	0	10s	100	1	8064
m	489	104	25	25	0	0	10s	100	1	8064
m	475	108	25	25	0	0	10s	100	1	8064
m	803	232	25	25	0	0	10s	100	1	8064
m	837	258	25	25	0	0	10s	100	1	8064
m	876	279	25	25	0	0	10s	100	1	8064
m	874	300	25	25	0	0	10s	100	1	8064
m	903	309	25	25	0	0	10s	100	1	8064
m	916	278	25	25	0	0	10s	100	1	8064
m	901	259	25	25	0	0	10s	100	1	8064
m	982	276	25	25	0	0	10s	100	1	8064
m	959	307	25	25	0	0	10s	100	1	8064
m	995	336	25	25	0	0	10s	100	1	8064
m	997	296	25	25	0	0	10s	100	1	8064
m	1078	280	25	25	0	0	10s	100	1	8064
m	1159	267	25	25	0	0	10s	100	1	8064
m	1165	256	25	25	0	0	10s	100	1	8064
m	1207	243	25	25	0	0	10s	100	1	8064
m	1220	260	25	25	0	0	10s	100	1	8064
m	1290	275	25	25	0	0	10s	100	1	8064
m	1286	256	25	25	0	0	10s	100	1	8064
m	1297	275	25	25	0	0	10s	100	1	8064
m	1299	301	25	25	0	0	10s	100	1	8064
m	1122	514	25	25	0	0	10s	100	1	8065
m	1122	566	25	25	0	0	10s	100	1	8065
m	1151	568	25	25	0	0	10s	100	1	8065
m	1180	598	25	25	0	0	10s	100	1	8065
m	1132	616	25	25	0	0	10s	100	1	8065
m	1118	606	25	25	0	0	10s	100	1	8065
m	1236	500	25	25	0	0	10s	100	1	8065
m	1280	522	25	25	0	0	10s	100	1	8065
m	1270	543	25	25	0	0	10s	100	1	8065
m	1309	495	25	25	0	0	10s	100	1	8065
m	1245	474	25	25	0	0	10s	100	1	8065
m	1178	473	25	25	0	0	10s	100	1	8065
m	1165	455	25	25	0	0	10s	100	1	8065
m	1141	440	25	25	0	0	10s	100	1	8065
m	1155	467	25	25	0	0	10s	100	1	8065
m	1103	492	25	25	0	0	10s	100	1	8065
m	1011	473	25	25	0	0	10s	100	1	8065
m	1057	460	25	25	0	0	10s	100	1	8065
m	909	504	25	25	0	0	10s	100	1	8065
m	899	525	25	25	0	0	10s	100	1	8065
m	799	539	25	25	0	0	10s	100	1	8065
m	755	546	25	25	0	0	10s	100	1	8065
m	683	562	25	25	0	0	10s	100	1	8065
m	678	571	25	25	0	0	10s	100	1	8065
m	678	572	25	25	0	0	10s	100	1	8065
m	169	449	25	25	0	0	10s	100	1	8065
m	156	519	25	25	0	0	10s	100	1	8065
m	202	533	25	25	0	0	10s	100	1	8065
m	239	539	25	25	0	0	10s	100	1	8065
m	254	476	25	25	0	0	10s	100	1	8065
m	350	485	25	25	0	0	10s	100	1	8065
m	404	491	25	25	0	0	10s	100	1	8065
m	431	534	25	25	0	0	10s	100	1	8065
m	487	553	25	25	0	0	10s	100	1	8065
m	510	555	25	25	0	0	10s	100	1	8065
m	385	426	25	25	0	0	10s	100	1	8065
m	358	457	25	25	0	0	10s	100	1	8065
m	370	456	25	25	0	0	10s	100	1	8065
m	427	365	25	25	0	0	10s	100	1	8065
m	518	379	25	25	0	0	10s	100	1	8065
m	558	393	25	25	0	0	10s	100	1	8065
m	602	404	25	25	0	0	10s	100	1	8065
m	643	403	25	25	0	0	10s	100	1	8065
m	656	423	25	25	0	0	10s	100	1	8065
m	620	423	25	25	0	0	10s	100	1	8065
m	264	324	25	25	0	0	10s	100	1	8065
m	233	347	25	25	0	0	10s	100	1	8065
m	198	390	25	25	0	0	10s	100	1	8065
m	171	438	25	25	0	0	10s	100	1	8065
m	171	440	25	25	0	0	10s	100	1	8065
m	160	683	25	25	0	0	10s	100	1	8066
m	198	702	25	25	0	0	10s	100	1	8066
m	216	691	25	25	0	0	10s	100	1	8066
m	244	674	25	25	0	0	10s	100	1	8066
m	287	675	25	25	0	0	10s	100	1	8066
m	331	684	25	25	0	0	10s	100	1	8066
m	375	676	25	25	0	0	10s	100	1	8066
m	406	665	25	25	0	0	10s	100	1	8066
m	452	668	25	25	0	0	10s	100	1	8066
m	504	672	25	25	0	0	10s	100	1	8066
m	535	667	25	25	0	0	10s	100	1	8066
m	570	669	25	25	0	0	10s	100	1	8066
m	620	678	25	25	0	0	10s	100	1	8066
m	726	667	25	25	0	0	10s	100	1	8066
m	785	659	25	25	0	0	10s	100	1	8066
m	864	643	25	25	0	0	10s	100	1	8066
m	920	623	25	25	0	0	10s	100	1	8066
m	907	647	25	25	0	0	10s	100	1	8066
m	862	656	25	25	0	0	10s	100	1	8066
