Group	Metin_del_Dolore
{
	mob	8001
	type	drop
	1	90027	1	100
	2	90028	1	100
}


Group	Metin_della_Lotta
{
mob		8002
type	drop
	1	90027	1	100
	2	90028	1	100
}


Group	Metin_della_Battaglia
{
mob		8003
type	drop
	1	90027	1	100
	2	90028	1	100
}


Group	Metin_dell'Avidità
{
mob		8004
type	drop
	1	90027	1	100
	2	90028	1	80
	3	72310	1	50
	4	71094	1	50
}


Group	Metin_della_Malvagità
{
mob		8005
type	drop
	1	71084	3	100	
	2	90027	1	100
	3	90028	1	100
	4	72310	1	50
	5	71094	1	50
	6	25040	1	50
}


Group	Metin_dell'Oscurità
{
mob		8006
type	drop
	1	71084	2	100
	2	90027	1	100
	3	90028	1	100
	4	72310	1	50
	5	71094	1	50
	6	25040	1	50
}



Group	Metin_della_Gelosia
{
mob		8007
type	drop
	1	71084	4	100
	2	90027	1	100
	3	90028	1	100
	4	72310	1	55
	5	71094	1	55
	6	25040	1	55
}



Group	Metin_dell'Anima
{
mob		8008
type	drop
	1	71084	8	100
	2	90027	2	100
	3	90028	1	100
	4	90029	1	100
	5	72310	1	75
	6	71094	1	75
	7	50513	1	40
	8	25040	1	60
	9	30270	1	100
	10	27987	1	70
	11	70102	1	50
	12	30889	1	30
}



Group	Metin_dell_ombra
{
mob		8009
type	drop
	1	71084	15	100
	2	90027	2	100
	3	90028	1	100
	4	90029	1	100
	5	72310	1	75
	6	71094	1	75
	7	50513	1	40
	8	25040	1	60
	9	30270	1	100
	10	27987	1	70
	11	70102	1	50
	12	30889	1	30
}


Group	Metin_della_Durezza
{
mob		8010
type	drop
	1	71084	20	100
	2	90027	2	100
	3	90028	1	100
	4	90029	1	75
	5	72310	1	75
	6	71094	1	50
	7	50513	1	70
	8	25040	1	60
	9	30270	2	100
	10	27987	2	70
	11	70102	1	50
	12	30889	1	30
}

Group	Metin_del_Diavolo
{
mob		8011
type	drop
	1	71084	25	100
	2	90027	3	100
	3	90028	1	100
	4	90029	1	100
	5	72310	1	75
	6	71094	1	75
	7	50513	1	60
	8	25040	1	70
	9	70102	2	70
	10	30270	4	100
	11	27987	3	70
	12	30889	1	30
}

Group	Metin_della_Morte
{
mob		8013
type	drop
	1	71084	30	100
	2	90027	3	100
	3	90028	1	100
	4	90029	3	100
	5	72310	1	70
	6	71094	1	70
	7	50513	1	60
	8	25040	1	70
	9	30270	4	100
	10	27987	4	70
	11	70102	2	50
	12	30889	1	30
}

Group	Metin_dell'assassino
{
mob		8014
type	drop
	1	71084	35	100
	2	90027	5	100
	3	90028	1	100
	4	90029	2	100
	5	72310	2	70
	6	71094	2	70
	7	50513	1	70
	8	25040	1	70
	9	70102	2	70
	10	30270	6	100
	11	27987	4	70
	12	30889	1	30
}

Group	Metin_Pung-Ma
{
mob		8024
type	drop
	1	71084	40	100
	2	90027	5	100
	3	90028	1	80
	4	90029	3	60
	5	72310	2	65
	6	71094	2	65
	7	50513	1	50
	8	25040	1	50
	9	30270	6	100
	10	27987	4	70
	11	70102	3	70
	12	30889	1	30
}

Group	Metin_Ma-An
{
mob		8025
type	drop
	1	71084	40	100
	2	90027	5	100
	3	90028	1	100
	4	90029	3	100
	5	72310	2	65
	6	71094	2	65
	7	50513	1	70
	8	25040	1	50
	9	30270	7	100
	10	27987	5	70
	11	70102	3	70
	12	30889	1	30
}

Group	Metin_Tu-Young
{
mob		8026
type	drop
	1	71084	40	100
	2	90027	6	100
	3	90028	1	100
	4	90029	5	100
	5	72310	2	65
	6	71094	2	65
	7	50513	1	80
	8	25040	1	80
	9	30270	9	100
	10	27987	5	70
	11	70102	3	50
	12	30889	1	30
}

Group	Metin_Jeon-Un
{
mob		8027
type	drop
	1	71084	45	100
	2	90027	8	100
	3	90029	7	60
	4	50513	1	50
	5	25040	1	50
	6	30270	14	100
	7	27987	6	70
	8	70102	5	50
	9	30889	1	30
}

Group	Metin_delle_Tenebre
{
type	limit
mob		8051
level_limit	90
	1	71084	50	100
	2	90027	10	100
	3	90029	5	70
	4	25040	2	80
	5	30270	17	100
	6	27987	7	90
	7	56001	1	1
	8	56002	1	1
	9	56003	1	1
	10	30889	1	30
}

Group	Metin_dell'Incandescenza
{
type	limit
mob		8052
level_limit	90
	1	71084	55	100
	2	90027	10	100
	3	90029	5	70
	4	50513	2	80
	5	30270	17	100
	6	27987	7	90
	7	56001	1	1
	8	56002	1	1
	9	56003	1	1
	10	30889	1	30
}

Group	Metin_della_Vanità
{
type	limit
mob		8053
level_limit	90
	1	71084	60	100
	2	90027	10	100
	3	90029	5	70
	4	25040	2	80
	5	30270	17	100
	6	27987	7	90
	7	56001	1	1
	8	56002	1	1
	9	56003	1	1
	10	30889	1	30
}

Group	Metin_della_Collera
{
type	limit
mob		8054
level_limit	90
	1	71084	70	100
	2	90027	10	100
	3	90029	5	70
	4	25040	2	50
	5	30270	17	100
	6	27987	7	90
	7	56001	1	5
	8	56002	1	5
	9	56003	1	3
	10	30889	1	40
}

Group	Metin_ella_Sciagura
{
type	limit
mob		8055
level_limit	90
	1	71084	75	100
	2	90027	10	100
	3	90029	5	70
	4	30270	17	100
	5	27987	7	90	
	6	25040	2	70
	7	56001	1	1
	8	56002	1	1
	9	56003	1	1
	10	30889	1	30
}

Group	Metin_dell'Infamia
{
type	limit
mob		8056
level_limit	90
	1	71084	80	100
	2	90027	10	100
	3	90029	5	70
	4	25040	2	70
	5	30270	17	100
	6	27987	7	35
	7	56001	1	1
	8	56002	1	1
	9	56003	1	1
	10	30889	1	30
}

Group	Lykos
{
mob		191
type 	drop
	1	71084	15	400
}


Group	Tigris
{
mob		194
type 	drop
	1	71084	15	400
}

Group	Scrofa
{
mob		192
type 	drop
	1	71084	15	400
}


Group	Bera
{
mob		193
type 	drop
	1	71084	25	400
}

Group	Mahon
{
mob		491
type 	drop
	1	71084	25	400
}


Group	Bo
{
mob		492
type 	drop
	1	71084	25	400
}


Group	Goo-Pae
{
mob		493
type 	drop
	1	71084	25	400
}


Group	Chuong
{
mob		494
type 	drop
	1	71084	25	400
}


Group	ComandanteBrutale
{
mob		591
type 	drop
	1	71084	25	400
}


Group	Capo_Orco
{
mob		691
type 	drop
	1	71084	15	400
	2	72001	1	30
	3	70102	4	400
	4	72006	1	18
	5	25040	2	90
	6	50513	1	100
}

Group	Spirito_tigre_gialla
{
mob		1304
type 	drop
	1	71084	15	400
	2	72001	1	30
	3	70102	4	400
	4	72006	1	18
	5	25040	2	90
	6	50513	1	100
}


Group	Capobanda_oscuro
{
mob		791
type 	drop
	1	71084	15	400
	2	72001	1	30
	3	70102	4	400
	4	72006	1	18
	5	25040	2	90
	6	50513	1	100
}


Group	TartarugaDesertoGrande
{
mob		2191
type 	drop
	1	71084	15	400
	2	72001	1	30
	3	70102	4	400
	4	72006	1	18
	5	25040	2	90
	6	50513	1	100
}


Group	Nove_Code
{
mob		1901
type 	drop
	1	71084	15	400
	2	72001	1	30
	3	70102	4	400
	4	72006	1	18
	5	25040	2	90
	6	50513	1	100
}

Group	ReFiamma
{
mob		2206
type 	drop
	1	71084	15	400
	2	72001	1	30
	3	70102	4	400
	4	72006	1	18
	5	25040	2	90
	6	50513	1	100
}

Group	Drago_rosso
{
mob		2291
type 	drop
	1	71084	15	400
	2	72001	1	30
	3	70102	4	400
	4	72006	1	18
	5	25040	2	90
	6	50513	1	100
}

Group	Grande_Albero_Fantasma
{
mob		2306
type 	drop
	1	71084	15	400
	2	72001	1	30
	3	70102	4	400
	4	72006	1	18
	5	25040	2	90
	6	50513	1	100
}

Group	Lord_Albero_Fantasma
{
mob		2307
type 	drop
	1	71084	15	400
	2	72001	1	30
	3	70102	4	400
	4	72006	1	18
	5	25040	2	90
	6	50513	1	100
}

Group	Regina_Ragno
{
mob		2091
type 	drop
	1	71084	15	400
	2	72001	1	30
	3	70102	4	400
	4	72006	1	18
	5	25040	2	90
	6	50513	1	100
}

Group	Grande_Strega_di_Ghiac.
{
type 	limit
mob		1192
level_limit 75
	1	28530	1	25
	2	28531	1	25
	3	28532	1	25
	4	28533	1	25
	5	28534	1	25
	6	28535	1	25
	7	28536	1	25
	8	28537	1	25
	9	28538	1	25
	10	28539	1	25
	11	28540	1	25
	12	28541	1	25
	13	28542	1	25
	14	28543	1	25
	15	11290	1	70
	16	11490	1	70
	17	11690	1	70
	18	11890	1	80
	19	140	1	70
	20	1100	1	70
	21	2140	1	70
	22	3130	1	70
	23	7140	1	70
	24	5100	1	70
	25	30251	1	60
	26	30252	1	55
	27	89001	1	100
	28	30604	1	40
}

Group	Generale_Yonghan
{
mob		2492
type 	drop
	1	71084	150	400
	2	30179	1	100
	3	70031	2	30
	4	25041	2	35
}

Group	Capitano_Huashin
{
mob		2494
type 	drop
	1	71084	150	100
	2	30179	1	100
	3	70031	1	60
	4	25041	2	35
}

Group	Generale_Huashin
{
mob		2495
type 	drop
	1	71084	150	400
	2	30179	1	100
	3	70031	1	30
	4	25041	2	35
}

Group	Testa_di_Teschio
{
mob		3590
type 	drop
level_limit	90
	1	71084	170	400
	2	50254	1	70
	3	25041	3	90
	4	50259	3	100
	5	90029	10	100
	6	90027	10	100
}

Group	Generale_Kappa
{
mob		3490
type 	drop
level_limit	90
	1	71084	170	400
	2	50254	1	70
	3	25041	3	90
	4	50259	3	100
	5	90029	10	100
	6	90027	10	100
}

Group	Generale_Aragosta
{
mob		3690
type 	drop
level_limit	90
	1	71084	170	400
	2	50254	1	70
	3	25041	3	90
	4	50259	3	100
	5	90029	10	100
	6	90027	10	100
}

Group	Re_Granchio
{
mob		3691
type 	drop
level_limit	90
	1	71084	170	400
	2	50254	1	70
	3	25041	3	90
	4	50259	3	100
	5	90029	10	100
	6	90027	10	100
}

Group	Tritone
{
mob		3491
type 	drop
level_limit	90
	1	71084	170	400
	2	50254	1	70
	3	25041	3	90
	4	50259	3	100
	5	90029	10	100
	6	90027	10	100
}

Group	Capo_Rosso
{
mob		3591
type 	drop
level_limit	90
	1	71084	170	400
	2	50254	1	70
	3	25041	3	90
	4	50259	3	100
	5	90029	10	100
	6	90027	10	100
	
}

Group	Testa_di_Teschio_Brutale
{
mob		3595
type 	drop
level_limit	90
	1	71084	170	400
	2	50254	1	70
	3	25041	3	2
	4	50259	3	100
	5	90029	10	100
	6	90027	10	100
}

Group	Gargoyle
{
mob		3790
type 	drop
level_limit	90
	1	71084	170	400
	2	50254	1	70
	3	25041	3	2
	4	50259	3	100
	5	90029	10	100
	6	90027	10	100
}

Group	Arge
{
mob		3190
type 	drop
level_limit	90
	1	71084	170	400
	2	50254	1	70
	3	25041	3	2
	4	50259	3	100
	5	90029	10	100
	6	90027	10	100
}

Group	Polifemo
{
mob		3191
type 	drop
level_limit	90
	1	71084	170	400
	2	50254	1	70
	3	25041	3	2
	4	50259	3	100
	5	90029	10	100
	6	90027	10	100
}

Group	Principe_lemure
{
mob		3390
type 	drop
level_limit	90
	1	71084	170	400
	2	50254	1	70
	3	25041	3	2
	4	50259	3	100
	5	90029	10	100
	6	90027	10	100
}

Group	Skeletos
{
mob		3910
type 	drop
level_limit	90
	1	71084	170	70
	2	50254	1	400
	3	25040	3	2
	4	50259	3	100
	5	90029	10	100
	6	90027	10	100
}

Group	Sicomoro
{
mob		3913
type 	drop
level_limit	90
	1	71084	170	400
	2	50254	1	70
	3	25040	3	2
	4	50259	3	100
	5	90029	10	100
	6	90027	10	100
}

Group	Aku_Boku
{
mob		3911
type 	drop
level_limit	90
	1	71084	170	400
	2	50254	1	70
	3	25040	3	90
	4	50259	3	100
	5	90029	10	100
	6	90027	10	100

}

Group	Capitano_Shrack
{
mob		3890
type 	drop
level_limit	90
	1	71084	170	400
	2	50254	1	70
	3	25041	3	2
	4	50259	3	100
	5	90029	10	100
	6	90027	10	100
}

Group	Arboretum
{
mob		3912
type 	drop
level_limit	90
	1	71084	170	400
	2	50254	1	70
	3	25040	3	90
	4	50259	3	100
	5	90029	10	100
	6	90027	10	100
}

Group	Lord_Gnoll
{
mob		3090
type 	drop
level_limit	90
	1	71084	170	400
	2	50254	1	70
	3	25041	3	2
	4	50259	3	100
	5	90029	10	100
	6	90027	10	100
}

Group	Rakshasa
{
mob		3290
type 	drop
level_limit	90
	1	71084	170	400
	2	50254	1	70
	3	25041	3	2
	4	50259	3	100
	5	90029	10	100
	5	90027	10	100
}

Group	Dungeon_Orc_Maze
{
type 	limit
mob		693
level_limit 30
	1	27992	1	45
	2	27993	1	55
	3	27994	1	65
	4	50072	1	100
	5	25041	1	100
	6	50259	1	100
	7	90030	1	50
	8	40143	1	20
	9	40144	1	25
	10	71084	50	100
	11	71084	100	25
	12	70401	5	100
	13 	30774	1	7
}

Group	Dungeon_Slime
{
type 	limit
mob		768
level_limit 40
	1	27992	1	65
	2	27993	1	65
	3	27994	1	65
	4	30919	1	5
	5	50072	1	100
	6	25041	1	50
	7	50259	1	100
	8	90030	1	50
	9	40143	1	5
	10	40144	1	25
	11	71084	50	100
	12	71084	100	25
	13	70401	5	100
}

Group	Dungeon_Baronesa
{
type 	limit
mob		2092
level_limit 50
	1	27992	1	65
	2	27993	1	65
	3	27994	1	65
	4	50074	1	100
	5	25041	1	100
	6	50259	1	100
	7	90030	1	50
	8	40143	1	20
	9	40144	1	30
	10	71084	75	100
	11	71084	150	100
	12	70401	5	100
	13	30059	1	100
	14	30059	1	1
	15 	30774	1	7
}

Group	Dungeon_DT
{
type 	limit
mob		1093
level_limit 40
	1	27992	1	65
	2	27993	1	65
	3	27994	1	65
	4	50082	1	100
	5	25041	1	50
	6	50259	2	100
	7	90030	1	50
	8	40143	1	7
	9	40144	1	30
	10	71084	100	100
	11	71084	200	25
	12	70401	5	100
	13	30774	1	7
}

Group	Demon_King
{
type 	limit
mob		1092
level_limit 40
	1	11284	1	30
	2	11684	1	30
	3	11484	1	40
	4	11884	1	30
	5	71084	75	100
	6	71084	100	100
	7	50513	1	10
	8	70401	3	50
	9	25041	1	30
}

Group	Dungeon_Azrael
{
type 	limit
mob		2598
level_limit 70
	1	27992	2	65
	2	27993	2	65
	3	27994	2	65
	4	50097	1	50
	5	25041	1	100
	6	50259	3	100
	7	90030	1	50
	8	40143	1	100
	9	40144	1	30
	10	71084	150	100
	11	71084	50	25
	12	70031	1	30
	13	70401	5	100
	14	70033	1	25
	15	84999	5	25
	16	78109	1	40
	17	30774	1	7
}

Group	Beran_Setaou
{
type 	limit
mob		2493
level_limit 75
	1	27992	2	65
	2	27993	2	65
	3	27994	2	65
	4	50098	1	100
	5	25041	1	100
	6	50259	4	100
	7	90030	1	100
	8	40143	1	100
	9	40144	1	100
	10	71084	200	100
	11	71084	400	50
	12	71123	2	100
	13	71129	2	100
	14	70401	5	100
	15	12780	1	1
	16	164412	2	2
	17	164410	2	7
	18	84999	5	2
	19	78109	1	40
	20	30774	2	7
}

Group	Dungeon_Nemere
{
type 	limit
mob		6191
level_limit 80
	1	27992	3	65
	2	27993	3	65
	3	27994	3	65
	4	25041	1	100
	5	50259	5	100
	6	90030	2	50
	7	40143	2	50
	8	40144	2	30
	9	71084	150	100
	10	71084	50	25
	11	86062	1	30
	12	70401	5	100
	13	30283	1	10
	14	30602	1	7
	15	30525	1	10
	16	30616	1	2
	17	13160	1	2
	18	30615	1	7
	19	164409	2	2
	20	164412	2	2
	21	30610	2	7
	22	30617	2	2
	23	164408	2	2
	24	30618	2	2
	25	30252 	1	2
	26	30774	2	7
}

Group	Dungeon_Razador
{
type 	limit
mob		6091
level_limit 80
	1	27992	3	65
	2	27993	3	65
	3	27994	3	65
	4	25041	1	90
	5	50259	5	100
	6	90030	2	50
	7	40143	2	7
	8	40144	2	30
	9	71084	150	100
	10	71084	50	25
	11	86062	1	15
	12	70401	5	100
	13	30524	1	10
	14	30512	1	5
	15	30282	1	10
	16	15440	1	2
	17	30614	1	2
	18	164409	2	2
	19	164412	2	2
	20	30618	2	2
	21	30610	2	7
	22	30617	2	2
	23	164408	2	7
	24	30251	1	1
	25	30774	2	7
}

Group	King_Wubba
{
mob		3791
type 	drop
level_limit	90
	1	17570	1	5
	2	15450	1	5
	3	14580	1	5
	4	16580	1	5
	5	13140	1	5
	6	30908	1	5
	7	50512	1	35
	8	89001	2	15
	9	30252	1	20
	10	30604	1	15
	11	30251	1	15
	12	70033	1	40
	13	80007	5	40
	14	18050	1	15
	15	30603	1	40
	16	164411	1	5
	17	48927	1	5
	18	48926	1	5
	19	48925	1	5
	20	48924	1	5
	21	48923	1	5
	22	48921	1	5
	23	41887	1	5
	24	41889	1	5
	25	45629	1	5
	26	45627	1	5
	27	48922	1	5
	28	85047	1	15
	29	53029	1	5
}

Group	boss_beta
{
mob		3891
type 	drop
level_limit	90
	1	71084	170	400
	2	50254	1	70
	3	25041	3	90
	4	50259	3	100
	5	90029	15	100
	5	90027	20	100
}

Group	boss_beta2
{
mob		3091
type 	drop
level_limit	90
	1	71084	170	400
	2	50254	1	70
	3	25041	3	90
	4	50259	3	100
	5	90029	10	100
	5	90027	10	100
}

Group	boss_beta3
{
mob		3391
type 	drop
level_limit	90
	1	71084	170	400
	2	50254	1	70
	3	25041	3	90
	4	50259	3	100
	5	90029	10	100
	5	90027	10	100
}

Group	boss_beta4
{
mob		3291
type 	drop
level_limit	90
	1	71084	170	400
	2	50254	1	70
	3	25041	3	90
	4	50259	3	100
	5	90029	10	100
	5	90027	10	100
}

Group	Metin_Padure_Fermecata
{
type	limit
mob		8061
level_limit	100
	1	71084	120	100
	2	86060	10	100
	3	90027	10	100
	4	90029	10	70
	5	25040	2	50
	6	27987	10	90
	7	30270	20	1000
	8	50259	5	100
	9	30270	20	1000
	10	30889	2	30
}

Group	Metin_Mapa_Lava
{
type	limit
mob		8059
level_limit	100
	1	71084	120	100
	2	86060	10	100
	3	90027	10	100
	4	90029	10	70
	5	25040	2	50
	6	27987	10	90
	7	30270	20	1000
	8	50259	5	100
	9	30270	20	1000
	10	30889	2	30
}

Group	Drop_Jotun
{
type 	limit
mob		6192
level_limit 100
	1	30604	1	10
	2	30251	1	10
	3	71084	300	100
	4	90027	100	50
	5	90029	100	50
	6	90030	10	50
	7	70031	2	30
	8	30617	1	17
	9	30614	1	15
	10	164411	2	5
	11	30618	1	2
	12	30512	1	5
	13	30615	1	15
	14	50512	1	2
	15	80006	1	100
	16	30603	1	2
	17	30774	2	7
}

Group	drop_ochao
{
mob		6393
type 	drop
	1	164410	2	7
	2	30610	2	7
	3	164411	2	15
	4	71084	300	100
	5	30512	1	15
	6	30603	1	7
	7	30604	1	7
	8	30614	2	15
	9	30615	2	15
	10	90027	50	100
	11	80006	1	100
	12	18090	1	1
	13	30002	1	5
	14	30774	2	7
}

Group	boss_craciun
{
mob		8489
type 	drop
	1	30908	1	7
	2	50512	1	35
	3	89001	2	15
	4	30252	1	20
	5	30604	1	15
	6	30251	1	15
	7	70033	1	40
	8	80007	5	40
	9	18050	1	15
	10	30603	1	40
	11	164411	1	5
	12	60102	1	5
	13	30888	1	100
	14	30774	1	100
	15	30774	1	100
	16	30774	1	100
	17	30774	1	100
	18	73051	1	5
	19	73052	1	5
	20	73053	1	5
	21	73054	1	5
	22	73055	1	5
	23	73056	1	5
	24	73057	1	5
	25	73058	1	12
	26	73907	1	10
	27	73908	1	10
	28	85124	1	10
	29	28530	1	10
	30	28531	1	10
	31	28532	1	10
	32	28533	1	10
	33	28534	1	10
	34	28535	1	10
	35	28536	1	10
	36	28537	1	10
	37	28538	1	10
	38	28539	1	10
	39	28540	1	10
	40	28541	1	10
	41	28542	1	10
	42	28543	1	10
}

Group	Metin_de_Craciun
{
type	limit
mob		8063
level_limit	100
	1	71084	100	100
	2	86060	20	100
	3	30270	20	100
	4	30889	2	30
	5	90027	10	70
	6	90029	10	70
}

Group	Anubis_Boss
{
mob		4138
type 	drop
	1	30890	1	10
	2	30888	1	10
	3	28530	1	10
	4	28531	1	10
	5	28532	1	10
	6	28533	1	10
	7	28534	1	10
	8	28535	1	10
	9	28536	1	10
	10	28537	1	10
	11	28538	1	10
	12	28539	1	10
	13	28540	1	10
	14	28541	1	10
	15	28542	1	10
	16	28543	1	10
	17	80007	5	4
}

Group	Piramida_Boss
{
mob		9337
type 	drop
	1	28530	1	2
	2	28531	1	2
	3	28532	1	2
	4	28533	1	2
	5	28534	1	2
	6	28535	1	2
	7	28536	1	2
	8	28537	1	2
	9	28538	1	2
	10	28539	1	2
	11	28540	1	2
	12	28541	1	2
	13	28542	1	2
	14	28543	1	2
	15	80007	5	2
	16	30610	1	10
	17	50512	1	10
	18	164411	1	7
	19	30005	1	25
	20	30614	1	7
}

Group	Hydra_boss
{
mob		3965
type 	drop
	1	28530	1	2
	2	28531	1	2
	3	28532	1	2
	4	28533	1	2
	5	28534	1	2
	6	28535	1	2
	7	28536	1	2
	8	28537	1	2
	9	28538	1	2
	10	28539	1	2
	11	28540	1	2
	12	28541	1	2
	13	28542	1	2
	14	28543	1	2
	15	80007	5	5
	16	30610	1	10
	17	30610	1	5
	18	30614	1	5
	19	30005	1	20
}

Group	Metin_de_Nisip
{
type	limit
mob		8471
level_limit	110
	1	71084	120	100
	2	86060	30	100
	3	30270	20	100
	4	30889	2	30
	5	90027	10	70
	6	90029	10	70
}
