Group	Cufar_carti_pet
{
	Vnum	55009
	1	55010	1	100
	2	55011	1	100
	3	55012	1	100
	4	55013	1	100
	5	55014	1	100
	6	55015	1	100
	7	55016	1	100
	8	55017	1	100
	9	55018	1	100
	10	55019	1	100
	11	55020	1	100
	12	55021	1	100
	13	86076	1	5
	14	86077	1	5
}

Group	"9th Path Book Chest"
{
	Vnum	50529
	1	50569	1	100
	2	50570	1	100
	3	50571	1	100
	4	50572	1	100
	5	50573	1	100
	6	50574	1	100
	7	50575	1	100
}

Group	"Powershard Chest"
{
	Vnum	69067
	1	25040	1	90
	2	69070	1	20
	3	69071	1	20
	4	69072	1	20
	5	69073	1	20
	6	69074	1	20
	7	69075	1	20
	8	69076	1	20
	9	69077	1	20
	10	69078	1	20
	11	69079	1	20
	12	69080	1	20
}

Group	"Elegant Powershard Chest"
{
	Vnum	69068
	1	69070	1	100
	2	69071	1	100
	3	69072	1	100
	4	69073	1	100
	5	69074	1	100
	6	69075	1	100
	7	69076	1	100
	8	69077	1	100
	9	69078	1	100
	10	69079	1	100
	11	69080	1	100
	12	69081	1	100
	13	69082	1	100
}

Group	"Lucent Powershard Chest"
{
	Vnum	69069
	1	69070	5	100
	2	69071	5	100
	3	69072	5	100
	4	69073	5	100
	5	69074	5	100
	6	69075	5	100
	7	69076	5	100
	8	69077	5	100
	9	69078	5	100
	10	69079	5	100
	11	69080	5	100
	12	69081	5	100
	13	69082	5	100
}

Group	"Golden Okey Box"
{
	Vnum	71194
	1	71084	100	100
	2	71084	200	50
	3	70401	10	100
	4	70401	15	75
	5	80005	1	100
	6	80006	1	50
	7	40144	2	100
	8	40143	1	100
	9	71136	1	50
	10	53282	1	50
	11	90027	50	100
	12	90027	100	50
	13	90029	25	100
	14	90029	50	50
	15	90030	3	100
	16	90030	5	100
	17	50259	5	100
	18	30270	50	100
	19	30270	100	50
	20	86062	2	100
	21	79506	1	100
	22	82254	1	50
	23	82255	1	50
	24	82256	1	50
	25	82257	1	50
	26	82258	1	50
	27	82260	1	50
	28	82261	1	50
	29	82262	1	50
	30	82263	1	50
	31	82302	1	50
	32	71227	1	50
	33	71228	1	50
	34	71234	1	50
}

Group	"Silver Okey Box"
{
	Vnum	71195
	1	71084	50	100
	2	71084	100	50
	3	70401	5	100
	4	70401	7	75
	5	80005	1	100
	6	80006	1	50
	7	40144	1	100
	8	40143	1	100
	9	71136	1	30
	10	53282	1	30
	11	90027	25	100
	12	90027	50	50
	13	90029	15	100
	14	90029	30	50
	15	90030	2	100
	16	90030	4	100
	17	50259	3	100
	18	30270	25	100
	19	30270	50	50
	20	86062	1	100
	21	79506	1	100
	22	82254	1	30
	23	82255	1	30
	24	82256	1	30
	25	82257	1	30
	26	82258	1	30
	27	82260	1	30
	28	82261	1	30
	29	82262	1	30
	30	82263	1	30
	31	82302	1	30
	32	71227	1	30
	33	71228	1	30
	34	71234	1	30
}

Group	"Bronze Okey Box"
{
	Vnum	71196
	1	71084	25	100
	2	71084	50	50
	3	70401	3	100
	4	70401	5	75
	5	80005	1	100
	6	80006	1	50
	7	40144	1	100
	8	40143	1	100
	9	71136	1	10
	10	53282	1	10
	11	90027	15	100
	12	90027	30	50
	13	90029	15	100
	14	90029	30	50
	15	90030	1	100
	16	90030	2	100
	17	50259	3	100
	18	30270	30	100
	19	30270	60	50
	20	86062	1	100
	21	79506	1	100
	22	82254	1	10
	23	82255	1	10
	24	82256	1	10
	25	82257	1	10
	26	82258	1	10
	27	82260	1	10
	28	82261	1	10
	29	82262	1	10
	30	82263	1	10
	31	82302	1	10
	32	71227	1	10
	33	71228	1	10
	34	71234	1	10
}

Group	"Parchment Flame King"
{
	Vnum	30910
	1	mob	2206	100
}

Group	"Parchment Red Dragon"
{
	Vnum	30911
	1	mob	2291	100
}

Group	"Parchment Giant Ghost Tree"
{
	Vnum	30912
	1	mob	2306	100
}

Group	"Parchment Mighty Ice Witch"
{
	Vnum	30913
	1	mob	1192	100
}

Group	"Parchment General Yonghan"
{
	Vnum	30914
	1	mob	2492	100
}

Group	"Parchment General Huashin"
{
	Vnum	30915
	1	mob	2495	100
}

Group	"Parchment En-Tai Sovereign"
{
	Vnum	30916
	1	mob	6407	100
}

Group	"Parchment Shade of Anubis"
{
	Vnum	30917
	1	mob	4138	100
}

Group	"Halloween Special Chest"
{
	Vnum	30906
	1	40143	5	70
	2	164406	2	80
	3	72002	1	40
	4	50259	100	60
	5	86062	5	60
	6	71084	2000	80
	7	90027	5000	80
	8	80008	1	40
	9	25041	10	80
	10	30908	1	3
	11	50203	1	40
	12	30806	1	40
	13	50266	1	40
	14	30907	1	3
}

Group	Aura_Chest
{
	Vnum	59998
	1	59990	15	45
	2	59994	1	5
	3	59996	1	40
	4	59997	1	10
}

Group	Golden_Fish_Chest_S
{
	Vnum	25111
	1	71084	100	100
	2	71084	200	50
	3	70401	10	100
	4	70401	15	75
	5	80005	1	100
	6	80006	1	50
	7	40144	2	100
	8	40143	1	100
	9	71234	1	10
	10	71136	1	10
	11	53282	1	10
	12	90027	100	50
	13	90029	25	100
	14	90029	50	50
	15	90030	3	100
	16	90030	5	100
	17	50259	5	100
	18	30270	50	100
	19	30270	100	50
	20	86062	2	100
	21	82254	1	10
	22	82255	1	10
	23	82256	1	10
	24	82257	1	10
	25	82258	1	10
	26	82260	1	10
	27	82261	1	10
	28	82262	1	10
	29	82263	1	10
	30	82302	1	10
	31	71227	1	10
	32	71228	1	10
}

Group	Yang_bag1
{
	Vnum	30094
	1	19	1	100
}

Group	Yang_bag2
{
	Vnum	30095
	1	19	1	100
}

Group	Yang_bag3
{
	Vnum	30096
	1	19	1	100
}

Group	Cufar_vechi
{
	Vnum	78109
	1	140	1	100
	2	150	1	100
	3	3130	1	100
	4	1100	1	100
	5	7140	1	100
	6	5100	1	100
	7	2140	1	100
	8	11290	1	100
	9	11490	1	100
	10	11690	1	100
	11	11890	1	100
}

Group	Christmas_chest
{
	Vnum	78108
	1	30524	2	100
	2	30614	2	100
	3	30512	2	100
	4	30282	2	100
	5	30283	2	100
	6	30602	2	100
	7	30525	2	100
	8	30615	2	100
	9	30610	2	100
	10	30618	2	100
	11	30617	2	100
	12	164408	2	100
	13	164409	2	100
	14	164410	2	100
	15	164411	2	100
	16	164412	2	100
	17	86062	1	100
	18	70401	1	100
}

Group	Valentines_chest
{
	Vnum	71147
	1	78301	2	100
	2	78302	2	100
	3	78303	2	100
	4	78304	2	100
	5	50031	5	100
	6	50024	20	100
	7	70401	30	100
	9	80007	3	100
	9	72346	2	100
	10	89001	1	100
	11	72349	2	100
	12	72067	2	100
}

Group	easter_chest_small
{
	Vnum	30893
	1	88963	50	5
	2	70402	1	5
	3	70403	1	5
	4	80007	1	5
	5	30922	1	5
	6	90027	1500	5
	7	30271	75	5
	8	89001	1	5
	9	30918	1	5
	10	30919	1	5
	11	30920	1	5
	12	30921	1	5
}

Group	easter_chest_big
{
	Vnum	30898
	1	88963	75	5
	2	70402	1	5
	3	70403	1	5
	4	80007	2	5
	5	30927	1	5
	6	90027	3000	5
	7	30271	75	5
	8	89001	1	5
	9	89002	1	5
	10	30923	1	5
	11	30924	1	5
	12	30925	1	5
	13	30926	1	5
}

Group	Forziere_Costume_Arma
{
	Vnum	78101
	1	49061	1	100
	2	49062	1	100
	3	49063	1	100
	4	49064	1	100
	5	49065	1	100
	6	49066	1	100
	7	49081	1	100
	8	49082	1	100
	9	49083	1	100
	10	49084	1	100
	11	49085	1	100
	12	49086	1	100
	13	49101	1	100
	14	49102	1	100
	15	49103	1	100
	16	49104	1	100
	17	49105	1	100
	18	49106	1	100
	19	49121	1	100
	20	49122	1	100
	21	49123	1	100
	22	49124	1	100
	23	49125	1	100
	24	49126	1	100
}

Group	Forziere_Costume_Armatura
{
	Vnum	78102
	1	49067	1	100
	2	49068	1	100
	3	49087	1	100
	4	49088	1	100
	5	49107	1	100
	6	49108	1	100
	7	49127	1	100
	8	49128	1	100
}

Group	Forziere_Costume_Capigliatura
{
	Vnum	78103
	1	49909	1	100
	2	49910	1	100
	3	49913	1	100
	4	49914	1	100
	5	49917	1	100
	6	49918	1	100
	7	49921	1	100
	8	49922	1	100
}

Group	Forziere_Costume_Stola
{
	Vnum	78104
	1	85128	1	100
	2	85136	1	100
	3	85144	1	100
	4	85152	1	100
}

Group	Forziere_Cavalcatura
{
	Vnum	78105
	1	60002	1	100
	2	60004	1	100
}

Group	Forziere_Pet
{
	Vnum	78106
	1	60102	1	100
	2	60104	1	100
}

Group	Forziere_Effetti
{
	Vnum	78107
	1	78004	1	100
	2	78006	1	100
	3	78008	1	100
	4	78010	1	100
	5	78012	1	100
	6	78014	1	100
}

Group	Baule_Lega_d_Oro_1_Posto
{
	Vnum	10960
	1	70401	5	1
	2	70401	10	1
	3	86062	4	1
	4	86062	8	1
	5	39077	1	1
	6	39078	1	1
	7	50066	1	1
	8	86060	100	1
	9	86060	150	1
	10	39076	1	1
}

Group	Baule_Lega_d_Argento_1_Posto
{
	Vnum	10961
	1	71084	100	1
	2	71084	200	1
	3	70401	2	1
	4	70401	4	1
	5	86062	1	1
	6	86062	2	1
	7	164407	1	1
	8	70613	1	1
	9	39067	1	1
	10	39070	1	1
	11	39066	1	1
}

Group	Baule_Lega_d_Bronzo_1_Posto
{
	Vnum	10962
	1	71084	25	1
	2	71084	50	1
	3	71084	75	1
	4	25040	2	1
	5	25040	4	1
	6	39068	1	1
	7	39065	1	1
	8	39070	1	1
}

Group	Baule_Lega_d_Oro_2_Posto
{
	Vnum	10963
	1	70401	4	1
	2	70401	8	1
	3	86062	3	1
	4	86062	6	1
	5	39080	1	1
	6	39081	1	1
	7	50066	1	1
	8	86060	50	1
	9	86060	100	1
	10	39079	1	1
}

Group	Baule_Lega_d_Argento_2_Posto
{
	Vnum	10964
	1	71084	80	1
	2	71084	160	1
	3	70401	1	1
	4	70401	2	1
	5	86062	1	1
	6	164407	1	1
	7	70613	1	1
	8	39074	1	1
	9	25040	4	1
	10	39072	1	1
	11	39073	1	1
}

Group	Baule_Lega_d_Bronzo_1_Posto
{
	Vnum	10965
	1	71084	15	1
	2	71084	30	1
	3	71084	45	1
	4	25040	1	1
	5	25040	2	1
	6	39069	1	1
	7	39068	1	1
	8	39065	1	1
}

Group	Baule_Lega_d_Oro_3_Posto
{
	Vnum	10966
	1	70401	3	1
	2	70401	6	1
	3	86062	2	1
	4	86062	4	1
	5	39082	1	1
	6	39083	1	1
	7	50066	1	1
	8	86060	40	1
	9	86060	80	1
	10	39067	1	1
}

Group	Baule_Lega_d_Argento_3_Posto
{
	Vnum	10967
	1	71084	70	1
	2	71084	140	1
	3	70401	1	1
	4	86062	1	1
	5	39075	1	1
	6	25040	1	1
	7	25040	2	1
	8	39065	1	1
	9	39070	1	1
}

Group	Baule_Lega_d_Bronzo_3_Posto
{
	Vnum	10968
	1	71084	10	1
	2	71084	15	1
	3	71084	20	1
	4	25040	1	1
	5	25040	2	1
	6	39071	1	1
	7	39069	1	1
	8	39068	1	1
}

Group	Scrigno_dell_oscurità
{
	Vnum	50254
	1	30516	2	100
	2	30612	2	100
	3	30587	2	100
	4	30505	2	100
	5	30616	2	100
	6	30520	2	100
	7	30518	2	100
	8	30506	2	100
}

Group	Dungeon_Orc_Maze
{
	Vnum	50072
	1	13060	1	100
	2	13080	1	100
	3	13100	1	100
	4	13120	1	100
	5	12260	1	100
	6	12530	1	100
	7	12390	1	100
	8	12670	1	100
}

Group	Dungeon_Baronesa
{
	Vnum	50074
	1	14200	1	100
	2	15200	1	100
	3	16200	1	100
	4	17200	1	100
}

Group	Baule_Torre_Demoni
{
	Vnum	50082
	1	180	1	100
	2	3160	1	100
	3	190	1	100
	4	2170	1	100
	5	1130	1	100
	6	5120	1	100

}

Group	Baule_Azrael
{
	Vnum	50097
	1	14220	1	50
	2	16220	1	50
	3	17220	1	50
	4	18080	1	10
	5	70033	1	10
	6	84999	15	10
}

Group	Shade_of_Anubis
{
	Vnum	50095
	1	164409	2	50
	2	164410	2	50
	3	164411	2	50
	4	164412	2	50
	5	30610	3	50
	6	30618	3	50
	7	164408	3	50
	8	30617	3	50
}

Group	Yilad_Pass
{
	Vnum	50096
	1	164409	2	50
	2	164410	2	50
	3	164411	2	50
	4	164412	2	50
	5	30610	3	50
	6	30618	3	50
	7	164408	3	50
	8	30617	3	50
}

Group	Baule_Beran
{
	Vnum	50098
	1	71123	1	100
	2	71129	1	100
	3	70031	1	100
	4	86062	2	100
	5	50259	5	100
	6 	70401	15	100
}

Group	Baule_Strega_di_Ghiaccio
{
	Vnum	50065
	1	86062	5	100
	2	70401	10	100
}

Group	Baule_Nemere
{
	Vnum	50064
	1	30283	2	100
	2	30602	2	100
	3	30525	2	100
	4	30615	2	100
}

Group	Baule_Razador
{
	Vnum	50063
	1	30524	2	100
	2	30614	2	100
	3	30512	2	100
	4	30282	2	100
}

Group	Baule_Forte_Principe_Ochao
{
	Vnum	50204
	1	30610	2	100
	2	30618	2	100
	3	30617	2	100
	4	164408	2	100
}

Group	Baule_Jotun_Thrym
{
	Vnum	50266
	1	30610	2	25
	2	30618	2	25
	3	30617	2	25
	4	164408	2	25
}

Group	Baule_di_Idra
{
	Vnum	50203
	1	164409	2	100
	2	164410	2	100
	3	164411	2	100
	4	164412	2	100
	5	70604	1	60
	6	70605	1	60
	7	70606	1	60
}

Group	Baule_delle_piramidi
{
	Vnum	30806
	1	164409	2	100
	2	164410	2	100
	3	164411	2	100
	4	164412	2	100
	5	70604	1	60
	6	70605	1	60
	7	70606	1	60
}

Group	Baule_rune_Haru
{
	Vnum	50100
	1	88980	20	130
	2	88980	30	110
	3	88980	50	90
	4	88980	60	80
	5	88980	70	60
	6	88980	90	50
}

Group	Baule_rune_Buncho
{
	Vnum	50102
	1	88980	50	120
	2	88980	70	120
	3	88980	100	80
	4	88980	130	80
	5	88980	160	50
	6	88980	200	50
}

Group	Baule_rune_Eien
{
	Vnum	50101
	1	88980	120	120
	2	88980	150	120
	3	88980	160	80
	4	88980	180	80
	5	88980	200	50
	6	88980	250	50
}

Group	Cassa_con_Libri_del_pet
{
	Vnum	55009
	1	55010	1	100
	2	55011	1	100
	3	55012	1	100
	4	55013	1	100
	5	55014	1	100
	6	55015	1	100
	7	55016	1	100
	8	55017	1	100
	9	55018	1	100
	10	55019	1	100
	11	55020	1	100
	12	55021	1	100
	13	86076	1	5
	14	86077	1	5
}

Group	Baule_Elementale
{
	Vnum	50099
	1	30255	1	80
	2	30257	1	80
	3	30258	1	80
	4	30259	1	80
	5	33031	2	120
	6	86067	2	50
}

Group	Baule_Boss_Guerriero
{
	Vnum	71203
	1	50401	10	3
	2	50402	10	3
	3	50403	10	4
	4	50404	10	4
	5	50405	10	3
	6	50406	10	3
	7	50416	10	4
	8	50417	10	3
	9	50418	10	3
	10	50419	10	4
	11	50420	10	3
	12	50421	10	3
}

Group	Baule_Boss_Ninja
{
	Vnum	71204
	1	50431	10	4
	2	50432	10	3
	3	50433	10	3
	4	50434	10	3
	5	50435	10	4
	6	50436	10	3
	7	50446	10	3
	8	50447	10	3
	9	50448	10	4
	10	50449	10	3
	11	50450	10	4
	12	50451	10	3
}

Group	Baule_Boss_Sura
{
	Vnum	71205
	1	50476	10	3
	2	50477	10	3
	3	50478	10	4
	4	50479	10	4
	5	50480	10	3
	6	50481	10	3
	7	50461	10	3
	8	50462	10	3
	9	50463	10	4
	10	50464	10	3
	11	50465	10	4
	12	50466	10	3
}

Group	Baule_Boss_Shamamo
{
	Vnum	71206
	1	50491	10	3
	2	50492	10	3
	3	50493	10	3
	4	50494	10	4
	5	50495	10	3
	6	50496	10	4
	7	50506	10	3
	8	50507	10	3
	9	50508	10	3
	10	50509	10	4
	11	50510	10	3
	12	50511	10	4
}

Group	Baule_delle_Passive
{
	Vnum	50323
	1	50516	1	100
	2	50517	1	100
	3	50518	1	100
	4	50519	1	100
	5	50520	1	100
	6	50521	1	100
	7	50522	1	100
	8	50523	1	100
}

Group	Baule_delle_Boost
{
	Vnum	50324
	1	50560	1	100
	2	50561	1	100
	3	50562	1	100
	4	50563	1	100
	5	50564	1	100
	6	50565	1	100
	7	50566	1	100
	8	50567	1	100
}

Group	Baule_delle_Abilità
{
	Vnum	50143
	1	50333	1	55
	2	50334	1	100
	3	50335	1	45
	4	50336	1	80
}

Group	Cor_draconis_antico
{
	Vnum	50259
	1	113000	1	1
	2	123000	1	1
	3	133000	1	1
	4	143000	1	1
	5	153000	1	1
	6	163000	1	1
}

Group	Chest_Stones
{
	Vnum	71057
	1	28530	4	100
	2	28531	4	100
	3	28532	4	100
	4	28533	4	100
	5	28534	4	100
	6	28535	4	100
	7	28536	4	100
	8	28537	4	100
	9	28538	4	100
	10	28539	4	100
	11	28540	4	100
	12	28541	4	100
	13	28542	4	100
	14	28543	4	100
	15	28544	4	100
	16	28545	4	100
}
Group	Cufere_Clar_Luna
{
	Vnum	50011
	1	90027	10	100
	2	90027	20	100
	3	90028	3	100
	4	90028	5	100
	5	90029	10	100
	6	90029	20	100
	7	90030	1	100
	8	90030	3	100
	9	84999	3	100
	10	40143	5	100
	11	50259	5	100
	12	86062	1	100
	13	27992	5	100
	14	27993	5	100
	15	27994	5	100
	16	71084	25	100
	17	71084	50	100
	18	30270	30	100
	19	30270	50	100
	20	70064	5	100
	21	70064	10	100
	22	86060	15	100
	23	80005	3	100
	24	50512	1	100	
	25	71136	1	100
	26	70031	1	100
	27	71129	2	100
	28	71123	2	100
	29	56001	2	100
	30	56002	2	100
	31	56003	2	100
}

Group	OX_EVENT_CHEST
{
	Vnum	50012
	1	30618	2	5
	2	30604	2	5
	3	30251	2	5
	4	30615	2	5
	5	30617	2	5
	6	30614	2	5
	7	164411	2	5
	8	30512	2	5
	9	30282	2	5
	10	164409	2	5
	11	164412	2	5
	12	30610	2	5
	13	30059	2	5
	14	30060	2	5
	15	70031	2	5
	16	80006	2	5
	17	70033	2	5
	18	30283	2	5
	19	30602	2	5
	20	30525	2	5
	21	164408	2	5
	22	164410	2	5
}

Group	snake_chest_upgrades
{
	Vnum	30068
	1	376	1	100
	2	396	1	100
	3	1226	1	100
	4	2246	1	100
	5	3266	1	100
	6	5216	1	100
	7	7346	1	100
}

Group	cufar_regina_meley
{
	Vnum	50270
	1	30603	2	100
	2	30622	2	100
	3	30620	2	100
	4	30610	2	100
	5	164410	2	100
	6	164411	2	100
	7	18090	1	100
	8	30618	2	100
	9	30621	2	100
	10	30282	2	100
	11	30626	2	100
	12	12730	1	100
}

Group	dragon_watcher_chest
{
	Vnum	50271
	1	30603	2	100
	2	30622	2	100
	3	30620	2	100
	4	30610	2	100
	5	164410	2	100
	6	164411	2	100
	7	18090	1	100
	8	30618	2	100
	9	30621	2	100
	10	30282	2	100
	11	30626	2	100
	12	12730	1	100
}

